4.084175723171402872e+00
4.004460707015079279e+00
8.027625391558256274e-01
1.535891410365077259e-01
6.844870387007631618e-02
2.338103934490904159e-02
1.065568016245746485e-02
4.062166499982448539e-03
2.461725420042114483e-03
1.109413918815560160e-03
7.950340813996671901e-04
3.079093059753922491e-04
2.580628873329328626e-04
1.200831427646774352e-04
1.021225404545468747e-04
5.884471539800517306e-05
5.272389833053690774e-05
3.091930088668548067e-05
2.951922181962244709e-05
1.765788449380104703e-05
1.647711888647556270e-05
9.969254744838432751e-06
9.013111795622281072e-06
5.648582789476300754e-06
5.087346537257890319e-06
3.504356602611441933e-06
3.301878936967178988e-06
2.293965498483847634e-06
1.950019230237785495e-06
1.545431913868011088e-06
1.351950799667192466e-06
1.080318852315413728e-06
9.922256612203215495e-07
7.627179670180750217e-07
7.195713195733547996e-07
5.493864778905035814e-07
5.171641157613931036e-07
3.930396863819209654e-07
3.529955800262740670e-07
2.863448957621406885e-07
2.527899595977263083e-07
2.092878319853410762e-07
1.992759713934715974e-07
1.712022417265822424e-07
1.669179577935217623e-07
1.527074829880324806e-07
1.229753978152442890e-07
1.183078140761868714e-07
1.010135676561095353e-07
9.236010978007884365e-08
7.544934256352407082e-08
7.170997450616465124e-08
6.401738864287914861e-08
6.157638552587009723e-08
4.938686663505585939e-08
4.838596524632872789e-08
4.206552975027184043e-08
3.892226118708499080e-08
3.419962471624787830e-08
3.324515811595253216e-08
2.912320242421729114e-08
2.902911460708932981e-08
2.399669171712474541e-08
2.347812541599794483e-08
1.968473456806708157e-08
1.938375361535201649e-08
1.921754417285634354e-08
1.709838572786036700e-08
1.600115732327003753e-08
1.578965135380696143e-08
1.437422529234148962e-08
1.412631927814971420e-08
1.317771720646780111e-08
1.118544774024732239e-08
1.105834869930657529e-08
9.795789562080730072e-09
9.395263839918644950e-09
9.279952693484080792e-09
9.028629335962312674e-09
8.275318242536042634e-09
7.818423175922183705e-09
7.334112407842998135e-09
6.808099566154361687e-09
6.791072312010052975e-09
6.417469572452196071e-09
5.936491881502519134e-09
5.728579069527491144e-09
5.029958755382694495e-09
4.930401881093936799e-09
4.683168286936080518e-09
4.621113137811772590e-09
4.263804505710956576e-09
4.034264583837789875e-09
3.843490026705177762e-09
3.645492427971963512e-09
3.550752822886775258e-09
3.422012975474588230e-09
3.187375470636314158e-09
3.046518340543214461e-09
2.922899887931495534e-09
2.763704574767681455e-09
2.671073096222848184e-09
2.477728144889732060e-09
2.317766072974937721e-09
2.209050890103772674e-09
2.174207626727391502e-09
2.070252213689238852e-09
2.014672026732691772e-09
1.959843240562157823e-09
1.873536845422244717e-09
1.732396521030994132e-09
1.696328298418209966e-09
1.623602988972435235e-09
1.504525495564124631e-09
1.475644349489789027e-09
1.367797653518861737e-09
1.343096652773631938e-09
1.299114205934129783e-09
1.282127003069993030e-09
1.227649506104532165e-09
1.187382788294290203e-09
1.143099313638673567e-09
1.104587234199465972e-09
1.099658726431080065e-09
1.013668696252523659e-09
9.965030472148818045e-10
9.845328406497829894e-10
9.630427571066356512e-10
9.220590949723533694e-10
9.003674732266943237e-10
8.825108498559158365e-10
8.523424757898352054e-10
8.147507586933697655e-10
7.910113974628678748e-10
7.760527350216926114e-10
7.662056440701289690e-10
7.525228684305703379e-10
7.285482961162361750e-10
7.169834656709274022e-10
7.113837692192470918e-10
6.843833855847917245e-10
6.775044496290193793e-10
6.734950837822164566e-10
6.537064353306574373e-10
6.340923068516040551e-10
6.242304979693404366e-10
6.208998853082694323e-10
6.173111906542225626e-10
6.135832067207555727e-10
6.037282134028944099e-10
5.945640336483875473e-10
5.827657612142627555e-10
5.765444166868424133e-10
5.652612970363647602e-10
5.611240158728464829e-10
5.572159738263163489e-10
5.497049778014496050e-10
5.460908139742588529e-10
5.420108158789379074e-10
5.360409616646125548e-10
5.246586079954024770e-10
5.230079127169413430e-10
5.170043633513236554e-10
5.134415836920523642e-10
5.077720341361010081e-10
5.047583331289972245e-10
4.961153979822670388e-10
4.925596317032179334e-10
4.827161979739213772e-10
4.797952960805907713e-10
4.727307270730485188e-10
4.703670080078293986e-10
4.685723762180966557e-10
4.671246011188340059e-10
4.614884476133199049e-10
4.568510609506068643e-10
4.493455991133210075e-10
4.439772465041995942e-10
4.426838327885307069e-10
4.402747897471054068e-10
4.344492740248976362e-10
4.290235946843493480e-10
4.252507903698961017e-10
4.202793344113779714e-10
4.172381700477155149e-10
4.118186322168229777e-10
4.084188382575060145e-10
4.008987316281454515e-10
3.949870593571948249e-10
3.908327955997127429e-10
3.886856458167207754e-10
3.842896932933976245e-10
3.811947280288508123e-10
3.776799410954736707e-10
3.741504001579608073e-10
3.680395149192066984e-10
3.646749714132284661e-10
3.590166980368766536e-10
3.566506807039607212e-10
3.498280218773118259e-10
3.449452825411977393e-10
3.384826409831718601e-10
3.323888838430405440e-10
3.290772953082993764e-10
3.246968027904735709e-10
3.113351353062417763e-10
3.081899886628299227e-10
3.025460109176073917e-10
3.000739299517502038e-10
2.928917745886666106e-10
2.897445631823872795e-10
2.842737457844595010e-10
2.832632531023648383e-10
2.784398554900625308e-10
2.698448199000808076e-10
2.685885189536386767e-10
2.636338555979888278e-10
2.614523666385329700e-10
2.500736890876676506e-10
2.493038107726949204e-10
2.441103039299231377e-10
2.355687458396273412e-10
2.273988272078512941e-10
2.263710814666738593e-10
2.233048874523482973e-10
2.165969204767055178e-10
2.100908645923894827e-10
2.043703934440672348e-10
2.004072337469957740e-10
1.936376119660296900e-10
1.911267414367667334e-10
1.867128056909995204e-10
1.842577767263950666e-10
1.788053797436825998e-10
1.740250176988062445e-10
1.645281135060328473e-10
1.636447426823079937e-10
1.592300438868009037e-10
1.583540003710337863e-10
1.539402942910167594e-10
1.533990183844229583e-10
1.498746829838626795e-10
1.431458564086362216e-10
1.382971592144213171e-10
1.350631446288841221e-10
1.317935515622076038e-10
1.286747510706202243e-10
1.204539791226248837e-10
1.189404211244834274e-10
1.142421188133401675e-10
1.089778973672733124e-10
1.069085459327435049e-10
1.061621068141289295e-10
9.967055148859011791e-11
8.317303607522948218e-11
2.000190236444727159e-11
