2.031169284255118779e-02
3.378578574758259179e-02
4.621289392397798235e-02
5.593158069909892616e-02
6.461973781735101674e-02
7.243264519073938645e-02
7.966491867747346745e-02
8.648236082879104392e-02
9.296366417654008951e-02
9.915289364964370578e-02
1.050951229417023125e-01
1.108018027017638740e-01
1.163045111505156548e-01
1.216175190885309676e-01
1.267567079517799844e-01
1.317394737293972606e-01
1.365787090291405992e-01
1.412851623188214056e-01
1.458716316100518162e-01
1.503462454137672877e-01
1.547193086813940244e-01
1.589981055277082667e-01
1.631899034680577287e-01
1.673015645417914865e-01
1.713381533694660619e-01
1.753051613370221473e-01
1.792073452678150380e-01
1.830493388545186562e-01
1.868337494837816748e-01
1.905654713040773052e-01
1.942465700323041389e-01
1.978796544682826231e-01
2.014675164495651760e-01
2.050106769172733989e-01
2.085126726432009470e-01
2.119733436356838197e-01
2.153948090781256930e-01
2.187771342284310361e-01
2.221216858646260228e-01
2.254284346759713731e-01
2.286989282676182289e-01
2.319327338833311880e-01
2.351308215722084927e-01
2.382950645054945915e-01
2.414246390101704720e-01
2.445211294827591142e-01
2.475849918078206480e-01
2.506155347146192258e-01
2.536140479672541748e-01
2.565794123721958919e-01
2.595122178647980005e-01
2.624127216518551409e-01
2.652796205572121035e-01
2.681145365687491733e-01
2.709159537931116191e-01
2.736843492079734652e-01
2.764195841082993654e-01
2.791218694794064259e-01
2.817917971883637240e-01
2.844282141892126581e-01
2.870319634696439359e-01
2.896022255849308169e-01
2.921392301567645178e-01
2.946422337500290700e-01
2.971118008071943484e-01
2.995483341917049569e-01
3.019511249412203946e-01
3.043203156907744455e-01
3.066553698982412701e-01
3.089569557313140424e-01
3.112231269930204047e-01
3.134552782649651648e-01
3.156522475795413007e-01
3.178138738969467081e-01
3.199409443524348085e-01
3.220317104770930028e-01
3.240876609794745566e-01
3.261068137437573844e-01
3.280916625992670865e-01
3.300400875188349015e-01
3.319518490595295690e-01
3.338270419409876122e-01
3.356631675343080823e-01
3.374624426384614795e-01
3.392221985803792750e-01
3.409455487587783051e-01
3.426286184400615942e-01
3.442744530659514468e-01
3.458829784950286923e-01
3.474531206459445243e-01
3.489855911601340566e-01
3.504798884190663544e-01
3.519339056890545825e-01
3.533499945259511721e-01
3.547235752444591328e-01
3.560583426564783438e-01
3.573512484506671805e-01
3.586038260148471934e-01
3.598168296144921841e-01
3.609889087873884295e-01
3.621226810520309924e-01
3.632164034872508163e-01
3.642697628275983757e-01
3.652829827417988229e-01
3.662546210891894916e-01
3.671864691594199370e-01
3.680769726373510631e-01
3.689265062591602917e-01
3.697353974474328897e-01
3.705048365497508045e-01
3.712326546981705166e-01
3.719230280899742946e-01
3.725747016090633634e-01
3.731871428846983418e-01
3.737613530292174802e-01
3.742963430925003721e-01
3.747905913850810844e-01
3.752460277577099323e-01
3.756615008061972572e-01
3.760372628063133327e-01
3.763736102663254868e-01
3.766727033963852000e-01
3.769321464981007508e-01
3.771556214777886384e-01
3.773404729396442892e-01
3.774877804996999431e-01
3.775948694330628630e-01
3.776624995387047878e-01
3.776901633185946183e-01
3.776780206292864039e-01
3.776263206878526235e-01
3.775342949972384510e-01
3.774046692187232321e-01
3.772360833437981564e-01
3.770312681453380499e-01
3.767871775166827808e-01
3.765049822601241880e-01
3.761839478706777151e-01
3.758227360757580571e-01
3.754218947135206652e-01
3.749820631792240566e-01
3.745017349495702863e-01
3.739811840416536470e-01
3.734231238897122718e-01
3.728245708047973617e-01
3.721874028214172125e-01
3.715128558266243552e-01
3.707956156559144012e-01
3.700398602970310091e-01
3.692423280018811149e-01
3.684034704724895581e-01
3.675240562476546069e-01
3.666027882080385991e-01
3.656416787471005736e-01
3.646386258474348940e-01
3.635956765000634139e-01
3.625129300038099633e-01
3.613904639406229080e-01
3.602280859097425902e-01
3.590249661335816467e-01
3.577809480981307133e-01
3.564955789744922998e-01
3.551699179850582588e-01
3.538026028658097233e-01
3.523959667953089903e-01
3.509492985247604779e-01
3.494633172709815105e-01
3.479395290498676907e-01
3.463763362972855919e-01
3.447749361498159137e-01
3.431357886664484491e-01
3.414557740145318654e-01
3.397378418973726055e-01
3.379806333155568887e-01
3.361848644620890614e-01
3.343499506495606899e-01
3.324773809893480925e-01
3.305672450410344632e-01
3.286200811607129513e-01
3.266365643368357441e-01
3.246166725373891282e-01
3.225605551586624431e-01
3.204672481100046544e-01
3.183382043870358613e-01
3.161726083678351173e-01
3.139712788059053628e-01
3.117344524429352948e-01
3.094607647608005330e-01
3.071530851820361563e-01
3.048093316444562273e-01
3.024309359949924336e-01
3.000176793114792684e-01
2.975703012542673664e-01
2.950879723694455059e-01
2.925705845841374830e-01
2.900175605540077917e-01
2.874303950176206879e-01
2.848082893544690575e-01
2.821524976488229974e-01
2.794621398998705097e-01
2.767381894168016165e-01
2.739797261103995019e-01
2.711876531761149289e-01
2.683615597409131359e-01
2.655021939199232461e-01
2.626075375093556152e-01
2.596804356061233610e-01
2.567197685359066117e-01
2.537252398000315878e-01
2.506967042840494986e-01
2.476344301163563855e-01
2.445379380885596421e-01
2.414071590385710453e-01
2.382414365863277927e-01
2.350393226438173555e-01
2.318012996789690638e-01
2.285249831974638934e-01
2.252107943133072054e-01
2.218589733260299124e-01
2.184664577688419096e-01
2.150351330750971124e-01
2.115622894024420664e-01
2.080474623285830660e-01
2.044888331337480769e-01
2.008853155806779034e-01
1.972339720331416357e-01
1.935334828322115563e-01
1.897804291841544977e-01
1.859717206522692456e-01
1.821043596943970333e-01
1.781737483912292919e-01
1.741766759531029607e-01
1.701073401379554761e-01
1.659601898246093610e-01
1.617309409297640055e-01
1.574114189388001739e-01
1.529951376909691740e-01
1.484756188749292161e-01
1.438372332370432272e-01
1.390763891043319267e-01
1.341767869396507384e-01
1.291294584997401129e-01
1.239224156268426691e-01
1.185315059358140327e-01
1.129504827200843303e-01
1.071543123596246788e-01
1.011184778063307088e-01
9.482629636962452979e-02
8.823523346320000238e-02
8.129538571876003539e-02
7.393882010238839175e-02
6.597994882467224376e-02
5.713838891169444739e-02
4.722497228445632356e-02
3.452971669139091870e-02
2.075185262357766985e-02
